geoid,area_fips,qtrly_estabs_11_agriculture_forestry_fishing_and_hunting,avg_wkly_wage_11_agriculture_forestry_fishing_and_hunting,month3_emplvl_11_agriculture_forestry_fishing_and_hunting,lq_avg_wkly_wage_11_agriculture_forestry_fishing_and_hunting,lq_qtrly_estabs_11_agriculture_forestry_fishing_and_hunting,lq_month3_emplvl_11_agriculture_forestry_fishing_and_hunting,qtrly_estabs_1024_professional_and_business_services,avg_wkly_wage_1024_professional_and_business_services,month3_emplvl_1024_professional_and_business_services,lq_avg_wkly_wage_1024_professional_and_business_services,lq_qtrly_estabs_1024_professional_and_business_services,lq_month3_emplvl_1024_professional_and_business_services,qtrly_estabs_61_educational_services,avg_wkly_wage_61_educational_services,month3_emplvl_61_educational_services,lq_avg_wkly_wage_61_educational_services,lq_qtrly_estabs_61_educational_services,lq_month3_emplvl_61_educational_services,qtrly_estabs_53_real_estate_and_rental_and_leasing,avg_wkly_wage_53_real_estate_and_rental_and_leasing,month3_emplvl_53_real_estate_and_rental_and_leasing,lq_avg_wkly_wage_53_real_estate_and_rental_and_leasing,lq_qtrly_estabs_53_real_estate_and_rental_and_leasing,lq_month3_emplvl_53_real_estate_and_rental_and_leasing,qtrly_estabs_1023_financial_activities,avg_wkly_wage_1023_financial_activities,month3_emplvl_1023_financial_activities,lq_avg_wkly_wage_1023_financial_activities,lq_qtrly_estabs_1023_financial_activities,lq_month3_emplvl_1023_financial_activities,qtrly_estabs_31_33_manufacturing,avg_wkly_wage_31_33_manufacturing,month3_emplvl_31_33_manufacturing,lq_avg_wkly_wage_31_33_manufacturing,lq_qtrly_estabs_31_33_manufacturing,lq_month3_emplvl_31_33_manufacturing,qtrly_estabs_23_construction,avg_wkly_wage_23_construction,month3_emplvl_23_construction,lq_avg_wkly_wage_23_construction,lq_qtrly_estabs_23_construction,lq_month3_emplvl_23_construction,qtrly_estabs_1029_unclassified,avg_wkly_wage_1029_unclassified,month3_emplvl_1029_unclassified,lq_avg_wkly_wage_1029_unclassified,lq_qtrly_estabs_1029_unclassified,lq_month3_emplvl_1029_unclassified,qtrly_estabs_71_arts_entertainment_and_recreation,avg_wkly_wage_71_arts_entertainment_and_recreation,month3_emplvl_71_arts_entertainment_and_recreation,lq_avg_wkly_wage_71_arts_entertainment_and_recreation,lq_qtrly_estabs_71_arts_entertainment_and_recreation,lq_month3_emplvl_71_arts_entertainment_and_recreation,qtrly_estabs_1011_natural_resources_and_mining,avg_wkly_wage_1011_natural_resources_and_mining,month3_emplvl_1011_natural_resources_and_mining,lq_avg_wkly_wage_1011_natural_resources_and_mining,lq_qtrly_estabs_1011_natural_resources_and_mining,lq_month3_emplvl_1011_natural_resources_and_mining,qtrly_estabs_54_professional_and_technical_services,avg_wkly_wage_54_professional_and_technical_services,month3_emplvl_54_professional_and_technical_services,lq_avg_wkly_wage_54_professional_and_technical_services,lq_qtrly_estabs_54_professional_and_technical_services,lq_month3_emplvl_54_professional_and_technical_services,qtrly_estabs_1026_leisure_and_hospitality,avg_wkly_wage_1026_leisure_and_hospitality,month3_emplvl_1026_leisure_and_hospitality,lq_avg_wkly_wage_1026_leisure_and_hospitality,lq_qtrly_estabs_1026_leisure_and_hospitality,lq_month3_emplvl_1026_leisure_and_hospitality,qtrly_estabs_1022_information,avg_wkly_wage_1022_information,month3_emplvl_1022_information,lq_avg_wkly_wage_1022_information,lq_qtrly_estabs_1022_information,lq_month3_emplvl_1022_information,qtrly_estabs_72_accommodation_and_food_services,avg_wkly_wage_72_accommodation_and_food_services,month3_emplvl_72_accommodation_and_food_services,lq_avg_wkly_wage_72_accommodation_and_food_services,lq_qtrly_estabs_72_accommodation_and_food_services,lq_month3_emplvl_72_accommodation_and_food_services,qtrly_estabs_22_utilities,avg_wkly_wage_22_utilities,month3_emplvl_22_utilities,lq_avg_wkly_wage_22_utilities,lq_qtrly_estabs_22_utilities,lq_month3_emplvl_22_utilities,qtrly_estabs_42_wholesale_trade,avg_wkly_wage_42_wholesale_trade,month3_emplvl_42_wholesale_trade,lq_avg_wkly_wage_42_wholesale_trade,lq_qtrly_estabs_42_wholesale_trade,lq_month3_emplvl_42_wholesale_trade,qtrly_estabs_10_total_all_industries,avg_wkly_wage_10_total_all_industries,month3_emplvl_10_total_all_industries,lq_avg_wkly_wage_10_total_all_industries,lq_qtrly_estabs_10_total_all_industries,lq_month3_emplvl_10_total_all_industries,qtrly_estabs_81_other_services_except_public_administration,avg_wkly_wage_81_other_services_except_public_administration,month3_emplvl_81_other_services_except_public_administration,lq_avg_wkly_wage_81_other_services_except_public_administration,lq_qtrly_estabs_81_other_services_except_public_administration,lq_month3_emplvl_81_other_services_except_public_administration,qtrly_estabs_52_finance_and_insurance,avg_wkly_wage_52_finance_and_insurance,month3_emplvl_52_finance_and_insurance,lq_avg_wkly_wage_52_finance_and_insurance,lq_qtrly_estabs_52_finance_and_insurance,lq_month3_emplvl_52_finance_and_insurance,qtrly_estabs_44_45_retail_trade,avg_wkly_wage_44_45_retail_trade,month3_emplvl_44_45_retail_trade,lq_avg_wkly_wage_44_45_retail_trade,lq_qtrly_estabs_44_45_retail_trade,lq_month3_emplvl_44_45_retail_trade,qtrly_estabs_1013_manufacturing,avg_wkly_wage_1013_manufacturing,month3_emplvl_1013_manufacturing,lq_avg_wkly_wage_1013_manufacturing,lq_qtrly_estabs_1013_manufacturing,lq_month3_emplvl_1013_manufacturing,qtrly_estabs_1027_other_services,avg_wkly_wage_1027_other_services,month3_emplvl_1027_other_services,lq_avg_wkly_wage_1027_other_services,lq_qtrly_estabs_1027_other_services,lq_month3_emplvl_1027_other_services,qtrly_estabs_1025_education_and_health_services,avg_wkly_wage_1025_education_and_health_services,month3_emplvl_1025_education_and_health_services,lq_avg_wkly_wage_1025_education_and_health_services,lq_qtrly_estabs_1025_education_and_health_services,lq_month3_emplvl_1025_education_and_health_services,qtrly_estabs_51_information,avg_wkly_wage_51_information,month3_emplvl_51_information,lq_avg_wkly_wage_51_information,lq_qtrly_estabs_51_information,lq_month3_emplvl_51_information,qtrly_estabs_62_health_care_and_social_assistance,avg_wkly_wage_62_health_care_and_social_assistance,month3_emplvl_62_health_care_and_social_assistance,lq_avg_wkly_wage_62_health_care_and_social_assistance,lq_qtrly_estabs_62_health_care_and_social_assistance,lq_month3_emplvl_62_health_care_and_social_assistance,qtrly_estabs_21_mining_quarrying_and_oil_and_gas_extraction,avg_wkly_wage_21_mining_quarrying_and_oil_and_gas_extraction,month3_emplvl_21_mining_quarrying_and_oil_and_gas_extraction,lq_avg_wkly_wage_21_mining_quarrying_and_oil_and_gas_extraction,lq_qtrly_estabs_21_mining_quarrying_and_oil_and_gas_extraction,lq_month3_emplvl_21_mining_quarrying_and_oil_and_gas_extraction,qtrly_estabs_55_management_of_companies_and_enterprises,avg_wkly_wage_55_management_of_companies_and_enterprises,month3_emplvl_55_management_of_companies_and_enterprises,lq_avg_wkly_wage_55_management_of_companies_and_enterprises,lq_qtrly_estabs_55_management_of_companies_and_enterprises,lq_month3_emplvl_55_management_of_companies_and_enterprises,qtrly_estabs_1012_construction,avg_wkly_wage_1012_construction,month3_emplvl_1012_construction,lq_avg_wkly_wage_1012_construction,lq_qtrly_estabs_1012_construction,lq_month3_emplvl_1012_construction,qtrly_estabs_56_administrative_and_waste_services,avg_wkly_wage_56_administrative_and_waste_services,month3_emplvl_56_administrative_and_waste_services,lq_avg_wkly_wage_56_administrative_and_waste_services,lq_qtrly_estabs_56_administrative_and_waste_services,lq_month3_emplvl_56_administrative_and_waste_services,qtrly_estabs_1021_trade_transportation_and_utilities,avg_wkly_wage_1021_trade_transportation_and_utilities,month3_emplvl_1021_trade_transportation_and_utilities,lq_avg_wkly_wage_1021_trade_transportation_and_utilities,lq_qtrly_estabs_1021_trade_transportation_and_utilities,lq_month3_emplvl_1021_trade_transportation_and_utilities,qtrly_estabs_99_unclassified,avg_wkly_wage_99_unclassified,month3_emplvl_99_unclassified,lq_avg_wkly_wage_99_unclassified,lq_qtrly_estabs_99_unclassified,lq_month3_emplvl_99_unclassified,qtrly_estabs_48_49_transportation_and_warehousing,avg_wkly_wage_48_49_transportation_and_warehousing,month3_emplvl_48_49_transportation_and_warehousing,lq_avg_wkly_wage_48_49_transportation_and_warehousing,lq_qtrly_estabs_48_49_transportation_and_warehousing,lq_month3_emplvl_48_49_transportation_and_warehousing,quarter,geoid,area_fips,qtrly_estabs_11_agriculture_forestry_fishing_and_hunting,avg_wkly_wage_11_agriculture_forestry_fishing_and_hunting,month3_emplvl_11_agriculture_forestry_fishing_and_hunting,lq_avg_wkly_wage_11_agriculture_forestry_fishing_and_hunting,lq_qtrly_estabs_11_agriculture_forestry_fishing_and_hunting,lq_month3_emplvl_11_agriculture_forestry_fishing_and_hunting,qtrly_estabs_1024_professional_and_business_services,avg_wkly_wage_1024_professional_and_business_services,month3_emplvl_1024_professional_and_business_services,lq_avg_wkly_wage_1024_professional_and_business_services,lq_qtrly_estabs_1024_professional_and_business_services,lq_month3_emplvl_1024_professional_and_business_services,qtrly_estabs_61_educational_services,avg_wkly_wage_61_educational_services,month3_emplvl_61_educational_services,lq_avg_wkly_wage_61_educational_services,lq_qtrly_estabs_61_educational_services,lq_month3_emplvl_61_educational_services,qtrly_estabs_53_real_estate_and_rental_and_leasing,avg_wkly_wage_53_real_estate_and_rental_and_leasing,month3_emplvl_53_real_estate_and_rental_and_leasing,lq_avg_wkly_wage_53_real_estate_and_rental_and_leasing,lq_qtrly_estabs_53_real_estate_and_rental_and_leasing,lq_month3_emplvl_53_real_estate_and_rental_and_leasing,qtrly_estabs_1023_financial_activities,avg_wkly_wage_1023_financial_activities,month3_emplvl_1023_financial_activities,lq_avg_wkly_wage_1023_financial_activities,lq_qtrly_estabs_1023_financial_activities,lq_month3_emplvl_1023_financial_activities,qtrly_estabs_31_33_manufacturing,avg_wkly_wage_31_33_manufacturing,month3_emplvl_31_33_manufacturing,lq_avg_wkly_wage_31_33_manufacturing,lq_qtrly_estabs_31_33_manufacturing,lq_month3_emplvl_31_33_manufacturing,qtrly_estabs_23_construction,avg_wkly_wage_23_construction,month3_emplvl_23_construction,lq_avg_wkly_wage_23_construction,lq_qtrly_estabs_23_construction,lq_month3_emplvl_23_construction,qtrly_estabs_1029_unclassified,avg_wkly_wage_1029_unclassified,month3_emplvl_1029_unclassified,lq_avg_wkly_wage_1029_unclassified,lq_qtrly_estabs_1029_unclassified,lq_month3_emplvl_1029_unclassified,qtrly_estabs_71_arts_entertainment_and_recreation,avg_wkly_wage_71_arts_entertainment_and_recreation,month3_emplvl_71_arts_entertainment_and_recreation,lq_avg_wkly_wage_71_arts_entertainment_and_recreation,lq_qtrly_estabs_71_arts_entertainment_and_recreation,lq_month3_emplvl_71_arts_entertainment_and_recreation,qtrly_estabs_1011_natural_resources_and_mining,avg_wkly_wage_1011_natural_resources_and_mining,month3_emplvl_1011_natural_resources_and_mining,lq_avg_wkly_wage_1011_natural_resources_and_mining,lq_qtrly_estabs_1011_natural_resources_and_mining,lq_month3_emplvl_1011_natural_resources_and_mining,qtrly_estabs_54_professional_and_technical_services,avg_wkly_wage_54_professional_and_technical_services,month3_emplvl_54_professional_and_technical_services,lq_avg_wkly_wage_54_professional_and_technical_services,lq_qtrly_estabs_54_professional_and_technical_services,lq_month3_emplvl_54_professional_and_technical_services,qtrly_estabs_1026_leisure_and_hospitality,avg_wkly_wage_1026_leisure_and_hospitality,month3_emplvl_1026_leisure_and_hospitality,lq_avg_wkly_wage_1026_leisure_and_hospitality,lq_qtrly_estabs_1026_leisure_and_hospitality,lq_month3_emplvl_1026_leisure_and_hospitality,qtrly_estabs_1022_information,avg_wkly_wage_1022_information,month3_emplvl_1022_information,lq_avg_wkly_wage_1022_information,lq_qtrly_estabs_1022_information,lq_month3_emplvl_1022_information,qtrly_estabs_72_accommodation_and_food_services,avg_wkly_wage_72_accommodation_and_food_services,month3_emplvl_72_accommodation_and_food_services,lq_avg_wkly_wage_72_accommodation_and_food_services,lq_qtrly_estabs_72_accommodation_and_food_services,lq_month3_emplvl_72_accommodation_and_food_services,qtrly_estabs_22_utilities,avg_wkly_wage_22_utilities,month3_emplvl_22_utilities,lq_avg_wkly_wage_22_utilities,lq_qtrly_estabs_22_utilities,lq_month3_emplvl_22_utilities,qtrly_estabs_42_wholesale_trade,avg_wkly_wage_42_wholesale_trade,month3_emplvl_42_wholesale_trade,lq_avg_wkly_wage_42_wholesale_trade,lq_qtrly_estabs_42_wholesale_trade,lq_month3_emplvl_42_wholesale_trade,qtrly_estabs_10_total_all_industries,avg_wkly_wage_10_total_all_industries,month3_emplvl_10_total_all_industries,lq_avg_wkly_wage_10_total_all_industries,lq_qtrly_estabs_10_total_all_industries,lq_month3_emplvl_10_total_all_industries,qtrly_estabs_81_other_services_except_public_administration,avg_wkly_wage_81_other_services_except_public_administration,month3_emplvl_81_other_services_except_public_administration,lq_avg_wkly_wage_81_other_services_except_public_administration,lq_qtrly_estabs_81_other_services_except_public_administration,lq_month3_emplvl_81_other_services_except_public_administration,qtrly_estabs_52_finance_and_insurance,avg_wkly_wage_52_finance_and_insurance,month3_emplvl_52_finance_and_insurance,lq_avg_wkly_wage_52_finance_and_insurance,lq_qtrly_estabs_52_finance_and_insurance,lq_month3_emplvl_52_finance_and_insurance,qtrly_estabs_44_45_retail_trade,avg_wkly_wage_44_45_retail_trade,month3_emplvl_44_45_retail_trade,lq_avg_wkly_wage_44_45_retail_trade,lq_qtrly_estabs_44_45_retail_trade,lq_month3_emplvl_44_45_retail_trade,qtrly_estabs_1013_manufacturing,avg_wkly_wage_1013_manufacturing,month3_emplvl_1013_manufacturing,lq_avg_wkly_wage_1013_manufacturing,lq_qtrly_estabs_1013_manufacturing,lq_month3_emplvl_1013_manufacturing,qtrly_estabs_1027_other_services,avg_wkly_wage_1027_other_services,month3_emplvl_1027_other_services,lq_avg_wkly_wage_1027_other_services,lq_qtrly_estabs_1027_other_services,lq_month3_emplvl_1027_other_services,qtrly_estabs_1025_education_and_health_services,avg_wkly_wage_1025_education_and_health_services,month3_emplvl_1025_education_and_health_services,lq_avg_wkly_wage_1025_education_and_health_services,lq_qtrly_estabs_1025_education_and_health_services,lq_month3_emplvl_1025_education_and_health_services,qtrly_estabs_51_information,avg_wkly_wage_51_information,month3_emplvl_51_information,lq_avg_wkly_wage_51_information,lq_qtrly_estabs_51_information,lq_month3_emplvl_51_information,qtrly_estabs_62_health_care_and_social_assistance,avg_wkly_wage_62_health_care_and_social_assistance,month3_emplvl_62_health_care_and_social_assistance,lq_avg_wkly_wage_62_health_care_and_social_assistance,lq_qtrly_estabs_62_health_care_and_social_assistance,lq_month3_emplvl_62_health_care_and_social_assistance,qtrly_estabs_21_mining_quarrying_and_oil_and_gas_extraction,avg_wkly_wage_21_mining_quarrying_and_oil_and_gas_extraction,month3_emplvl_21_mining_quarrying_and_oil_and_gas_extraction,lq_avg_wkly_wage_21_mining_quarrying_and_oil_and_gas_extraction,lq_qtrly_estabs_21_mining_quarrying_and_oil_and_gas_extraction,lq_month3_emplvl_21_mining_quarrying_and_oil_and_gas_extraction,qtrly_estabs_55_management_of_companies_and_enterprises,avg_wkly_wage_55_management_of_companies_and_enterprises,month3_emplvl_55_management_of_companies_and_enterprises,lq_avg_wkly_wage_55_management_of_companies_and_enterprises,lq_qtrly_estabs_55_management_of_companies_and_enterprises,lq_month3_emplvl_55_management_of_companies_and_enterprises,qtrly_estabs_1012_construction,avg_wkly_wage_1012_construction,month3_emplvl_1012_construction,lq_avg_wkly_wage_1012_construction,lq_qtrly_estabs_1012_construction,lq_month3_emplvl_1012_construction,qtrly_estabs_56_administrative_and_waste_services,avg_wkly_wage_56_administrative_and_waste_services,month3_emplvl_56_administrative_and_waste_services,lq_avg_wkly_wage_56_administrative_and_waste_services,lq_qtrly_estabs_56_administrative_and_waste_services,lq_month3_emplvl_56_administrative_and_waste_services,qtrly_estabs_1021_trade_transportation_and_utilities,avg_wkly_wage_1021_trade_transportation_and_utilities,month3_emplvl_1021_trade_transportation_and_utilities,lq_avg_wkly_wage_1021_trade_transportation_and_utilities,lq_qtrly_estabs_1021_trade_transportation_and_utilities,lq_month3_emplvl_1021_trade_transportation_and_utilities,qtrly_estabs_99_unclassified,avg_wkly_wage_99_unclassified,month3_emplvl_99_unclassified,lq_avg_wkly_wage_99_unclassified,lq_qtrly_estabs_99_unclassified,lq_month3_emplvl_99_unclassified,qtrly_estabs_48_49_transportation_and_warehousing,avg_wkly_wage_48_49_transportation_and_warehousing,month3_emplvl_48_49_transportation_and_warehousing,lq_avg_wkly_wage_48_49_transportation_and_warehousing,lq_qtrly_estabs_48_49_transportation_and_warehousing,lq_month3_emplvl_48_49_transportation_and_warehousing,quarter,geoid,area_fips,qtrly_estabs_11_agriculture_forestry_fishing_and_hunting,avg_wkly_wage_11_agriculture_forestry_fishing_and_hunting,month3_emplvl_11_agriculture_forestry_fishing_and_hunting,lq_avg_wkly_wage_11_agriculture_forestry_fishing_and_hunting,lq_qtrly_estabs_11_agriculture_forestry_fishing_and_hunting,lq_month3_emplvl_11_agriculture_forestry_fishing_and_hunting,qtrly_estabs_1024_professional_and_business_services,avg_wkly_wage_1024_professional_and_business_services,month3_emplvl_1024_professional_and_business_services,lq_avg_wkly_wage_1024_professional_and_business_services,lq_qtrly_estabs_1024_professional_and_business_services,lq_month3_emplvl_1024_professional_and_business_services,qtrly_estabs_61_educational_services,avg_wkly_wage_61_educational_services,month3_emplvl_61_educational_services,lq_avg_wkly_wage_61_educational_services,lq_qtrly_estabs_61_educational_services,lq_month3_emplvl_61_educational_services,qtrly_estabs_53_real_estate_and_rental_and_leasing,avg_wkly_wage_53_real_estate_and_rental_and_leasing,month3_emplvl_53_real_estate_and_rental_and_leasing,lq_avg_wkly_wage_53_real_estate_and_rental_and_leasing,lq_qtrly_estabs_53_real_estate_and_rental_and_leasing,lq_month3_emplvl_53_real_estate_and_rental_and_leasing,qtrly_estabs_1023_financial_activities,avg_wkly_wage_1023_financial_activities,month3_emplvl_1023_financial_activities,lq_avg_wkly_wage_1023_financial_activities,lq_qtrly_estabs_1023_financial_activities,lq_month3_emplvl_1023_financial_activities,qtrly_estabs_31_33_manufacturing,avg_wkly_wage_31_33_manufacturing,month3_emplvl_31_33_manufacturing,lq_avg_wkly_wage_31_33_manufacturing,lq_qtrly_estabs_31_33_manufacturing,lq_month3_emplvl_31_33_manufacturing,qtrly_estabs_23_construction,avg_wkly_wage_23_construction,month3_emplvl_23_construction,lq_avg_wkly_wage_23_construction,lq_qtrly_estabs_23_construction,lq_month3_emplvl_23_construction,qtrly_estabs_1029_unclassified,avg_wkly_wage_1029_unclassified,month3_emplvl_1029_unclassified,lq_avg_wkly_wage_1029_unclassified,lq_qtrly_estabs_1029_unclassified,lq_month3_emplvl_1029_unclassified,qtrly_estabs_71_arts_entertainment_and_recreation,avg_wkly_wage_71_arts_entertainment_and_recreation,month3_emplvl_71_arts_entertainment_and_recreation,lq_avg_wkly_wage_71_arts_entertainment_and_recreation,lq_qtrly_estabs_71_arts_entertainment_and_recreation,lq_month3_emplvl_71_arts_entertainment_and_recreation,qtrly_estabs_1011_natural_resources_and_mining,avg_wkly_wage_1011_natural_resources_and_mining,month3_emplvl_1011_natural_resources_and_mining,lq_avg_wkly_wage_1011_natural_resources_and_mining,lq_qtrly_estabs_1011_natural_resources_and_mining,lq_month3_emplvl_1011_natural_resources_and_mining,qtrly_estabs_54_professional_and_technical_services,avg_wkly_wage_54_professional_and_technical_services,month3_emplvl_54_professional_and_technical_services,lq_avg_wkly_wage_54_professional_and_technical_services,lq_qtrly_estabs_54_professional_and_technical_services,lq_month3_emplvl_54_professional_and_technical_services,qtrly_estabs_1026_leisure_and_hospitality,avg_wkly_wage_1026_leisure_and_hospitality,month3_emplvl_1026_leisure_and_hospitality,lq_avg_wkly_wage_1026_leisure_and_hospitality,lq_qtrly_estabs_1026_leisure_and_hospitality,lq_month3_emplvl_1026_leisure_and_hospitality,qtrly_estabs_1022_information,avg_wkly_wage_1022_information,month3_emplvl_1022_information,lq_avg_wkly_wage_1022_information,lq_qtrly_estabs_1022_information,lq_month3_emplvl_1022_information,qtrly_estabs_72_accommodation_and_food_services,avg_wkly_wage_72_accommodation_and_food_services,month3_emplvl_72_accommodation_and_food_services,lq_avg_wkly_wage_72_accommodation_and_food_services,lq_qtrly_estabs_72_accommodation_and_food_services,lq_month3_emplvl_72_accommodation_and_food_services,qtrly_estabs_22_utilities,avg_wkly_wage_22_utilities,month3_emplvl_22_utilities,lq_avg_wkly_wage_22_utilities,lq_qtrly_estabs_22_utilities,lq_month3_emplvl_22_utilities,qtrly_estabs_42_wholesale_trade,avg_wkly_wage_42_wholesale_trade,month3_emplvl_42_wholesale_trade,lq_avg_wkly_wage_42_wholesale_trade,lq_qtrly_estabs_42_wholesale_trade,lq_month3_emplvl_42_wholesale_trade,qtrly_estabs_10_total_all_industries,avg_wkly_wage_10_total_all_industries,month3_emplvl_10_total_all_industries,lq_avg_wkly_wage_10_total_all_industries,lq_qtrly_estabs_10_total_all_industries,lq_month3_emplvl_10_total_all_industries,qtrly_estabs_81_other_services_except_public_administration,avg_wkly_wage_81_other_services_except_public_administration,month3_emplvl_81_other_services_except_public_administration,lq_avg_wkly_wage_81_other_services_except_public_administration,lq_qtrly_estabs_81_other_services_except_public_administration,lq_month3_emplvl_81_other_services_except_public_administration,qtrly_estabs_52_finance_and_insurance,avg_wkly_wage_52_finance_and_insurance,month3_emplvl_52_finance_and_insurance,lq_avg_wkly_wage_52_finance_and_insurance,lq_qtrly_estabs_52_finance_and_insurance,lq_month3_emplvl_52_finance_and_insurance,qtrly_estabs_44_45_retail_trade,avg_wkly_wage_44_45_retail_trade,month3_emplvl_44_45_retail_trade,lq_avg_wkly_wage_44_45_retail_trade,lq_qtrly_estabs_44_45_retail_trade,lq_month3_emplvl_44_45_retail_trade,qtrly_estabs_1013_manufacturing,avg_wkly_wage_1013_manufacturing,month3_emplvl_1013_manufacturing,lq_avg_wkly_wage_1013_manufacturing,lq_qtrly_estabs_1013_manufacturing,lq_month3_emplvl_1013_manufacturing,qtrly_estabs_1027_other_services,avg_wkly_wage_1027_other_services,month3_emplvl_1027_other_services,lq_avg_wkly_wage_1027_other_services,lq_qtrly_estabs_1027_other_services,lq_month3_emplvl_1027_other_services,qtrly_estabs_1025_education_and_health_services,avg_wkly_wage_1025_education_and_health_services,month3_emplvl_1025_education_and_health_services,lq_avg_wkly_wage_1025_education_and_health_services,lq_qtrly_estabs_1025_education_and_health_services,lq_month3_emplvl_1025_education_and_health_services,qtrly_estabs_51_information,avg_wkly_wage_51_information,month3_emplvl_51_information,lq_avg_wkly_wage_51_information,lq_qtrly_estabs_51_information,lq_month3_emplvl_51_information,qtrly_estabs_62_health_care_and_social_assistance,avg_wkly_wage_62_health_care_and_social_assistance,month3_emplvl_62_health_care_and_social_assistance,lq_avg_wkly_wage_62_health_care_and_social_assistance,lq_qtrly_estabs_62_health_care_and_social_assistance,lq_month3_emplvl_62_health_care_and_social_assistance,qtrly_estabs_21_mining_quarrying_and_oil_and_gas_extraction,avg_wkly_wage_21_mining_quarrying_and_oil_and_gas_extraction,month3_emplvl_21_mining_quarrying_and_oil_and_gas_extraction,lq_avg_wkly_wage_21_mining_quarrying_and_oil_and_gas_extraction,lq_qtrly_estabs_21_mining_quarrying_and_oil_and_gas_extraction,lq_month3_emplvl_21_mining_quarrying_and_oil_and_gas_extraction,qtrly_estabs_55_management_of_companies_and_enterprises,avg_wkly_wage_55_management_of_companies_and_enterprises,month3_emplvl_55_management_of_companies_and_enterprises,lq_avg_wkly_wage_55_management_of_companies_and_enterprises,lq_qtrly_estabs_55_management_of_companies_and_enterprises,lq_month3_emplvl_55_management_of_companies_and_enterprises,qtrly_estabs_1012_construction,avg_wkly_wage_1012_construction,month3_emplvl_1012_construction,lq_avg_wkly_wage_1012_construction,lq_qtrly_estabs_1012_construction,lq_month3_emplvl_1012_construction,qtrly_estabs_56_administrative_and_waste_services,avg_wkly_wage_56_administrative_and_waste_services,month3_emplvl_56_administrative_and_waste_services,lq_avg_wkly_wage_56_administrative_and_waste_services,lq_qtrly_estabs_56_administrative_and_waste_services,lq_month3_emplvl_56_administrative_and_waste_services,qtrly_estabs_1021_trade_transportation_and_utilities,avg_wkly_wage_1021_trade_transportation_and_utilities,month3_emplvl_1021_trade_transportation_and_utilities,lq_avg_wkly_wage_1021_trade_transportation_and_utilities,lq_qtrly_estabs_1021_trade_transportation_and_utilities,lq_month3_emplvl_1021_trade_transportation_and_utilities,qtrly_estabs_99_unclassified,avg_wkly_wage_99_unclassified,month3_emplvl_99_unclassified,lq_avg_wkly_wage_99_unclassified,lq_qtrly_estabs_99_unclassified,lq_month3_emplvl_99_unclassified,qtrly_estabs_48_49_transportation_and_warehousing,avg_wkly_wage_48_49_transportation_and_warehousing,month3_emplvl_48_49_transportation_and_warehousing,lq_avg_wkly_wage_48_49_transportation_and_warehousing,lq_qtrly_estabs_48_49_transportation_and_warehousing,lq_month3_emplvl_48_49_transportation_and_warehousing,quarter,geoid,area_fips,qtrly_estabs_11_agriculture_forestry_fishing_and_hunting,avg_wkly_wage_11_agriculture_forestry_fishing_and_hunting,month3_emplvl_11_agriculture_forestry_fishing_and_hunting,lq_avg_wkly_wage_11_agriculture_forestry_fishing_and_hunting,lq_qtrly_estabs_11_agriculture_forestry_fishing_and_hunting,lq_month3_emplvl_11_agriculture_forestry_fishing_and_hunting,qtrly_estabs_1024_professional_and_business_services,avg_wkly_wage_1024_professional_and_business_services,month3_emplvl_1024_professional_and_business_services,lq_avg_wkly_wage_1024_professional_and_business_services,lq_qtrly_estabs_1024_professional_and_business_services,lq_month3_emplvl_1024_professional_and_business_services,qtrly_estabs_61_educational_services,avg_wkly_wage_61_educational_services,month3_emplvl_61_educational_services,lq_avg_wkly_wage_61_educational_services,lq_qtrly_estabs_61_educational_services,lq_month3_emplvl_61_educational_services,qtrly_estabs_53_real_estate_and_rental_and_leasing,avg_wkly_wage_53_real_estate_and_rental_and_leasing,month3_emplvl_53_real_estate_and_rental_and_leasing,lq_avg_wkly_wage_53_real_estate_and_rental_and_leasing,lq_qtrly_estabs_53_real_estate_and_rental_and_leasing,lq_month3_emplvl_53_real_estate_and_rental_and_leasing,qtrly_estabs_1023_financial_activities,avg_wkly_wage_1023_financial_activities,month3_emplvl_1023_financial_activities,lq_avg_wkly_wage_1023_financial_activities,lq_qtrly_estabs_1023_financial_activities,lq_month3_emplvl_1023_financial_activities,qtrly_estabs_31_33_manufacturing,avg_wkly_wage_31_33_manufacturing,month3_emplvl_31_33_manufacturing,lq_avg_wkly_wage_31_33_manufacturing,lq_qtrly_estabs_31_33_manufacturing,lq_month3_emplvl_31_33_manufacturing,qtrly_estabs_23_construction,avg_wkly_wage_23_construction,month3_emplvl_23_construction,lq_avg_wkly_wage_23_construction,lq_qtrly_estabs_23_construction,lq_month3_emplvl_23_construction,qtrly_estabs_1029_unclassified,avg_wkly_wage_1029_unclassified,month3_emplvl_1029_unclassified,lq_avg_wkly_wage_1029_unclassified,lq_qtrly_estabs_1029_unclassified,lq_month3_emplvl_1029_unclassified,qtrly_estabs_71_arts_entertainment_and_recreation,avg_wkly_wage_71_arts_entertainment_and_recreation,month3_emplvl_71_arts_entertainment_and_recreation,lq_avg_wkly_wage_71_arts_entertainment_and_recreation,lq_qtrly_estabs_71_arts_entertainment_and_recreation,lq_month3_emplvl_71_arts_entertainment_and_recreation,qtrly_estabs_1011_natural_resources_and_mining,avg_wkly_wage_1011_natural_resources_and_mining,month3_emplvl_1011_natural_resources_and_mining,lq_avg_wkly_wage_1011_natural_resources_and_mining,lq_qtrly_estabs_1011_natural_resources_and_mining,lq_month3_emplvl_1011_natural_resources_and_mining,qtrly_estabs_54_professional_and_technical_services,avg_wkly_wage_54_professional_and_technical_services,month3_emplvl_54_professional_and_technical_services,lq_avg_wkly_wage_54_professional_and_technical_services,lq_qtrly_estabs_54_professional_and_technical_services,lq_month3_emplvl_54_professional_and_technical_services,qtrly_estabs_1026_leisure_and_hospitality,avg_wkly_wage_1026_leisure_and_hospitality,month3_emplvl_1026_leisure_and_hospitality,lq_avg_wkly_wage_1026_leisure_and_hospitality,lq_qtrly_estabs_1026_leisure_and_hospitality,lq_month3_emplvl_1026_leisure_and_hospitality,qtrly_estabs_1022_information,avg_wkly_wage_1022_information,month3_emplvl_1022_information,lq_avg_wkly_wage_1022_information,lq_qtrly_estabs_1022_information,lq_month3_emplvl_1022_information,qtrly_estabs_72_accommodation_and_food_services,avg_wkly_wage_72_accommodation_and_food_services,month3_emplvl_72_accommodation_and_food_services,lq_avg_wkly_wage_72_accommodation_and_food_services,lq_qtrly_estabs_72_accommodation_and_food_services,lq_month3_emplvl_72_accommodation_and_food_services,qtrly_estabs_22_utilities,avg_wkly_wage_22_utilities,month3_emplvl_22_utilities,lq_avg_wkly_wage_22_utilities,lq_qtrly_estabs_22_utilities,lq_month3_emplvl_22_utilities,qtrly_estabs_42_wholesale_trade,avg_wkly_wage_42_wholesale_trade,month3_emplvl_42_wholesale_trade,lq_avg_wkly_wage_42_wholesale_trade,lq_qtrly_estabs_42_wholesale_trade,lq_month3_emplvl_42_wholesale_trade,qtrly_estabs_10_total_all_industries,avg_wkly_wage_10_total_all_industries,month3_emplvl_10_total_all_industries,lq_avg_wkly_wage_10_total_all_industries,lq_qtrly_estabs_10_total_all_industries,lq_month3_emplvl_10_total_all_industries,qtrly_estabs_81_other_services_except_public_administration,avg_wkly_wage_81_other_services_except_public_administration,month3_emplvl_81_other_services_except_public_administration,lq_avg_wkly_wage_81_other_services_except_public_administration,lq_qtrly_estabs_81_other_services_except_public_administration,lq_month3_emplvl_81_other_services_except_public_administration,qtrly_estabs_52_finance_and_insurance,avg_wkly_wage_52_finance_and_insurance,month3_emplvl_52_finance_and_insurance,lq_avg_wkly_wage_52_finance_and_insurance,lq_qtrly_estabs_52_finance_and_insurance,lq_month3_emplvl_52_finance_and_insurance,qtrly_estabs_44_45_retail_trade,avg_wkly_wage_44_45_retail_trade,month3_emplvl_44_45_retail_trade,lq_avg_wkly_wage_44_45_retail_trade,lq_qtrly_estabs_44_45_retail_trade,lq_month3_emplvl_44_45_retail_trade,qtrly_estabs_1013_manufacturing,avg_wkly_wage_1013_manufacturing,month3_emplvl_1013_manufacturing,lq_avg_wkly_wage_1013_manufacturing,lq_qtrly_estabs_1013_manufacturing,lq_month3_emplvl_1013_manufacturing,qtrly_estabs_1027_other_services,avg_wkly_wage_1027_other_services,month3_emplvl_1027_other_services,lq_avg_wkly_wage_1027_other_services,lq_qtrly_estabs_1027_other_services,lq_month3_emplvl_1027_other_services,qtrly_estabs_1025_education_and_health_services,avg_wkly_wage_1025_education_and_health_services,month3_emplvl_1025_education_and_health_services,lq_avg_wkly_wage_1025_education_and_health_services,lq_qtrly_estabs_1025_education_and_health_services,lq_month3_emplvl_1025_education_and_health_services,qtrly_estabs_51_information,avg_wkly_wage_51_information,month3_emplvl_51_information,lq_avg_wkly_wage_51_information,lq_qtrly_estabs_51_information,lq_month3_emplvl_51_information,qtrly_estabs_62_health_care_and_social_assistance,avg_wkly_wage_62_health_care_and_social_assistance,month3_emplvl_62_health_care_and_social_assistance,lq_avg_wkly_wage_62_health_care_and_social_assistance,lq_qtrly_estabs_62_health_care_and_social_assistance,lq_month3_emplvl_62_health_care_and_social_assistance,qtrly_estabs_21_mining_quarrying_and_oil_and_gas_extraction,avg_wkly_wage_21_mining_quarrying_and_oil_and_gas_extraction,month3_emplvl_21_mining_quarrying_and_oil_and_gas_extraction,lq_avg_wkly_wage_21_mining_quarrying_and_oil_and_gas_extraction,lq_qtrly_estabs_21_mining_quarrying_and_oil_and_gas_extraction,lq_month3_emplvl_21_mining_quarrying_and_oil_and_gas_extraction,qtrly_estabs_55_management_of_companies_and_enterprises,avg_wkly_wage_55_management_of_companies_and_enterprises,month3_emplvl_55_management_of_companies_and_enterprises,lq_avg_wkly_wage_55_management_of_companies_and_enterprises,lq_qtrly_estabs_55_management_of_companies_and_enterprises,lq_month3_emplvl_55_management_of_companies_and_enterprises,qtrly_estabs_1012_construction,avg_wkly_wage_1012_construction,month3_emplvl_1012_construction,lq_avg_wkly_wage_1012_construction,lq_qtrly_estabs_1012_construction,lq_month3_emplvl_1012_construction,qtrly_estabs_56_administrative_and_waste_services,avg_wkly_wage_56_administrative_and_waste_services,month3_emplvl_56_administrative_and_waste_services,lq_avg_wkly_wage_56_administrative_and_waste_services,lq_qtrly_estabs_56_administrative_and_waste_services,lq_month3_emplvl_56_administrative_and_waste_services,qtrly_estabs_1021_trade_transportation_and_utilities,avg_wkly_wage_1021_trade_transportation_and_utilities,month3_emplvl_1021_trade_transportation_and_utilities,lq_avg_wkly_wage_1021_trade_transportation_and_utilities,lq_qtrly_estabs_1021_trade_transportation_and_utilities,lq_month3_emplvl_1021_trade_transportation_and_utilities,qtrly_estabs_99_unclassified,avg_wkly_wage_99_unclassified,month3_emplvl_99_unclassified,lq_avg_wkly_wage_99_unclassified,lq_qtrly_estabs_99_unclassified,lq_month3_emplvl_99_unclassified,qtrly_estabs_48_49_transportation_and_warehousing,avg_wkly_wage_48_49_transportation_and_warehousing,month3_emplvl_48_49_transportation_and_warehousing,lq_avg_wkly_wage_48_49_transportation_and_warehousing,lq_qtrly_estabs_48_49_transportation_and_warehousing,lq_month3_emplvl_48_49_transportation_and_warehousing,quarter
Charlie,12095,227.0,0.0,0.0,0.0,0.65,0.0,6576.0,773.0,108672.0,0.94,1.38,1.4,329.0,634.0,8076.0,1.07,1.24,0.78,1474.0,791.0,15482.0,1.23,1.24,1.57,3169.0,1072.0,38716.0,0.84,1.13,1.02,942.0,958.0,28325.0,1.15,0.7,0.41,3038.0,787.0,33761.0,1.18,1.05,1.06,898.0,429.0,1632.0,0.69,1.57,1.32,472.0,568.0,52620.0,1.19,1.15,6.4,233.0,409.0,4902.0,0.62,0.53,0.65,4330.0,1043.0,40204.0,1.01,1.39,1.23,2487.0,434.0,138902.0,1.54,1.03,2.37,590.0,1044.0,16483.0,0.94,1.14,1.09,2015.0,351.0,86282.0,1.4,1.01,1.72,13.0,0.0,0.0,0.0,0.22,0.0,2137.0,971.0,29166.0,1.05,1.01,1.07,29682.0,684.0,555860.0,0.99,1.03,1.07,2469.0,463.0,17251.0,1.09,0.64,0.83,1695.0,1260.0,23234.0,0.84,1.06,0.83,4018.0,466.0,60082.0,1.13,1.08,0.84,942.0,958.0,28325.0,1.15,0.7,0.41,2469.0,463.0,17251.0,1.09,0.64,0.83,2414.0,735.0,58721.0,1.23,0.91,0.75,590.0,1044.0,16483.0,0.94,1.14,1.09,2085.0,751.0,50645.0,1.26,0.87,0.75,6.0,0.0,0.0,0.0,0.07,0.0,153.0,1205.0,10274.0,0.77,1.04,1.25,3038.0,787.0,33761.0,1.18,1.05,1.06,2093.0,512.0,58194.0,1.1,1.41,1.6,6866.0,640.0,108495.0,1.09,1.03,0.9,898.0,429.0,1632.0,0.69,1.57,1.32,698.0,0.0,0.0,0.0,0.93,0.0,-2,Charlie,12095,231.0,427.0,4534.0,1.11,0.65,0.74,6799.0,758.0,109028.0,0.95,1.4,1.4,349.0,633.0,7766.0,1.01,1.28,0.81,1534.0,780.0,15909.0,1.25,1.25,1.59,3275.0,952.0,39203.0,0.98,1.15,1.04,934.0,904.0,28769.0,1.1,0.69,0.42,3256.0,738.0,34722.0,1.06,1.09,1.03,630.0,473.0,1251.0,0.8,1.15,1.1,488.0,571.0,53964.0,1.3,1.16,5.47,238.0,430.0,4606.0,0.71,0.53,0.54,4498.0,1045.0,41189.0,0.99,1.41,1.29,2522.0,436.0,142846.0,1.52,1.02,2.32,610.0,932.0,16895.0,0.92,1.17,1.15,2034.0,354.0,88882.0,1.37,0.99,1.72,15.0,0.0,0.0,0.0,0.25,0.0,2216.0,941.0,29567.0,1.04,1.02,1.1,30249.0,660.0,564449.0,0.99,1.03,1.09,2497.0,469.0,17814.0,1.07,0.64,0.86,1741.0,1070.0,23294.0,0.98,1.07,0.84,4050.0,460.0,61386.0,1.08,1.07,0.86,934.0,904.0,28769.0,1.1,0.69,0.42,2497.0,469.0,17814.0,1.07,0.64,0.86,2470.0,732.0,59136.0,1.16,0.91,0.78,610.0,932.0,16895.0,0.92,1.17,1.15,2121.0,747.0,51370.0,1.18,0.87,0.77,7.0,616.0,72.0,0.55,0.08,0.03,153.0,978.0,9867.0,0.74,1.03,1.22,3256.0,738.0,34722.0,1.06,1.09,1.03,2148.0,516.0,57972.0,1.1,1.41,1.53,7018.0,624.0,110179.0,1.06,1.03,0.92,630.0,473.0,1251.0,0.8,1.15,1.1,737.0,0.0,0.0,0.0,0.96,0.0,-1,Charlie,12095,233.0,462.0,3893.0,1.18,0.66,0.65,6805.0,791.0,108925.0,0.99,1.4,1.38,356.0,665.0,8126.0,1.01,1.3,0.82,1595.0,776.0,15861.0,1.22,1.3,1.57,3380.0,972.0,39035.0,1.0,1.19,1.03,915.0,913.0,28591.0,1.09,0.68,0.41,3309.0,776.0,34916.0,1.08,1.11,1.01,480.0,451.0,1167.0,0.77,0.77,0.91,506.0,593.0,52874.0,1.32,1.2,5.63,239.0,464.0,3958.0,0.76,0.54,0.46,4524.0,1075.0,40688.0,1.01,1.42,1.26,2530.0,442.0,141382.0,1.51,1.02,2.3,618.0,939.0,16715.0,0.9,1.19,1.14,2024.0,351.0,88508.0,1.34,0.99,1.7,15.0,1720.0,972.0,1.4,0.25,0.36,2198.0,929.0,29428.0,1.01,1.02,1.08,30244.0,680.0,561378.0,1.01,1.03,1.07,2483.0,474.0,17188.0,1.07,0.63,0.83,1785.0,1106.0,23174.0,1.02,1.1,0.83,4069.0,462.0,61317.0,1.06,1.08,0.85,915.0,913.0,28591.0,1.09,0.68,0.41,2483.0,474.0,17188.0,1.07,0.63,0.83,2470.0,786.0,59508.0,1.2,0.91,0.77,618.0,939.0,16715.0,0.9,1.19,1.14,2114.0,805.0,51382.0,1.23,0.87,0.76,6.0,611.0,65.0,0.54,0.06,0.03,151.0,1220.0,9974.0,0.95,1.02,1.23,3309.0,776.0,34916.0,1.08,1.11,1.01,2130.0,517.0,58263.0,1.08,1.4,1.51,7015.0,629.0,109993.0,1.04,1.04,0.91,480.0,451.0,1167.0,0.77,0.77,0.91,733.0,649.0,18276.0,0.94,0.97,0.94,0,Charlie,12095,233.0,0.0,0.0,0.0,0.66,0.0,6880.0,934.0,112381.0,0.99,1.41,1.37,364.0,692.0,8682.0,1.06,1.32,0.82,1622.0,864.0,16284.0,1.15,1.31,1.57,3416.0,1055.0,39542.0,0.91,1.19,1.01,920.0,1052.0,29363.0,1.15,0.69,0.42,3379.0,878.0,36125.0,1.09,1.12,1.05,536.0,587.0,1274.0,0.73,0.78,0.97,513.0,615.0,54228.0,1.01,1.21,6.38,239.0,477.0,4967.0,0.67,0.54,0.64,4611.0,1388.0,42767.0,1.07,1.43,1.25,2572.0,460.0,144144.0,1.43,1.04,2.37,623.0,1023.0,17013.0,0.89,1.2,1.12,2059.0,367.0,89916.0,1.34,1.0,1.72,16.0,1338.0,956.0,1.02,0.27,0.35,2195.0,1084.0,29747.0,1.03,1.02,1.06,30496.0,755.0,579429.0,0.99,1.03,1.07,2485.0,505.0,17897.0,1.05,0.62,0.85,1794.0,1187.0,23258.0,0.91,1.09,0.81,4013.0,494.0,66215.0,1.07,1.07,0.85,920.0,1052.0,29363.0,1.15,0.69,0.42,2485.0,505.0,17897.0,1.05,0.62,0.85,2486.0,861.0,60586.0,1.19,0.91,0.75,623.0,1023.0,17013.0,0.89,1.2,1.12,2122.0,889.0,51904.0,1.22,0.87,0.74,6.0,0.0,0.0,0.0,0.06,0.0,152.0,1250.0,10327.0,0.82,1.02,1.23,3379.0,878.0,36125.0,1.09,1.12,1.05,2117.0,557.0,59287.0,1.06,1.38,1.51,6960.0,687.0,116137.0,1.05,1.03,0.9,536.0,587.0,1274.0,0.73,0.78,0.97,736.0,693.0,19219.0,0.93,0.97,0.95,1
Charlie,12087,26.0,0.0,0.0,0.0,0.55,0.0,648.0,649.0,2739.0,0.99,1.0,0.58,32.0,640.0,300.0,1.36,0.89,0.48,291.0,518.0,982.0,1.01,1.8,1.65,426.0,691.0,2142.0,0.67,1.12,0.93,76.0,530.0,305.0,0.8,0.42,0.07,436.0,554.0,2016.0,1.04,1.11,1.05,39.0,422.0,34.0,0.86,0.5,0.46,149.0,481.0,1121.0,1.26,2.68,2.25,27.0,461.0,127.0,0.88,0.45,0.28,374.0,765.0,1085.0,0.93,0.88,0.55,704.0,423.0,12585.0,1.88,2.15,3.55,46.0,817.0,459.0,0.92,0.66,0.5,555.0,418.0,11464.0,2.09,2.04,3.77,2.0,0.0,0.0,0.0,0.25,0.0,146.0,0.0,0.0,0.0,0.51,0.0,3961.0,511.0,31387.0,0.93,1.01,1.0,340.0,476.0,1320.0,1.4,0.65,1.05,135.0,835.0,1160.0,0.69,0.62,0.68,695.0,441.0,5463.0,1.34,1.38,1.26,76.0,530.0,305.0,0.8,0.42,0.07,340.0,476.0,1320.0,1.4,0.65,1.05,237.0,643.0,2671.0,1.35,0.66,0.57,46.0,817.0,459.0,0.92,0.66,0.5,205.0,643.0,2371.0,1.35,0.63,0.58,1.0,0.0,0.0,0.0,0.08,0.0,26.0,1306.0,87.0,1.05,1.31,0.17,436.0,554.0,2016.0,1.04,1.11,1.05,248.0,534.0,1567.0,1.44,1.23,0.71,982.0,482.0,6989.0,1.03,1.09,0.96,39.0,422.0,34.0,0.86,0.5,0.46,139.0,517.0,853.0,1.0,1.37,0.74,-2,Charlie,12087,26.0,0.0,0.0,0.0,0.55,0.0,643.0,735.0,2662.0,1.06,0.99,0.59,30.0,569.0,329.0,1.06,0.82,0.59,308.0,549.0,994.0,1.02,1.88,1.7,448.0,702.0,2170.0,0.84,1.17,0.99,75.0,563.0,312.0,0.79,0.41,0.08,449.0,617.0,2123.0,1.03,1.12,1.08,34.0,428.0,27.0,0.84,0.47,0.41,151.0,557.0,1016.0,1.47,2.68,1.76,27.0,553.0,105.0,1.06,0.45,0.21,372.0,813.0,1072.0,0.89,0.87,0.57,712.0,438.0,12017.0,1.77,2.15,3.35,46.0,857.0,459.0,0.98,0.66,0.53,561.0,427.0,11001.0,1.91,2.04,3.65,2.0,0.0,0.0,0.0,0.25,0.0,144.0,0.0,0.0,0.0,0.5,0.0,3980.0,538.0,30722.0,0.94,1.01,1.01,337.0,497.0,1270.0,1.31,0.65,1.05,140.0,835.0,1176.0,0.89,0.64,0.73,688.0,445.0,5459.0,1.21,1.36,1.31,75.0,563.0,312.0,0.79,0.41,0.08,337.0,497.0,1270.0,1.31,0.65,1.05,237.0,665.0,2656.0,1.22,0.65,0.6,46.0,857.0,459.0,0.98,0.66,0.53,207.0,677.0,2327.0,1.24,0.63,0.6,1.0,0.0,0.0,0.0,0.08,0.0,26.0,3000.0,85.0,2.64,1.3,0.18,449.0,617.0,2123.0,1.03,1.12,1.08,245.0,545.0,1505.0,1.34,1.2,0.68,972.0,498.0,6921.0,0.98,1.07,0.99,34.0,428.0,27.0,0.84,0.47,0.41,138.0,564.0,814.0,0.97,1.35,0.73,-1,Charlie,12087,24.0,0.0,0.0,0.0,0.51,0.0,655.0,734.0,2555.0,1.1,1.01,0.58,30.0,483.0,282.0,0.88,0.82,0.51,311.0,553.0,979.0,1.04,1.9,1.76,445.0,740.0,2153.0,0.91,1.17,1.02,73.0,537.0,290.0,0.77,0.41,0.08,446.0,588.0,1986.0,0.98,1.12,1.04,35.0,338.0,42.0,0.69,0.42,0.59,151.0,547.0,970.0,1.46,2.68,1.87,25.0,542.0,102.0,1.07,0.42,0.22,376.0,807.0,1028.0,0.91,0.88,0.57,702.0,411.0,10508.0,1.68,2.12,3.1,48.0,808.0,438.0,0.93,0.69,0.54,551.0,397.0,9538.0,1.81,2.01,3.32,2.0,0.0,0.0,0.0,0.25,0.0,145.0,0.0,0.0,0.0,0.5,0.0,3984.0,534.0,28471.0,0.95,1.01,0.98,338.0,482.0,1217.0,1.3,0.64,1.07,134.0,899.0,1174.0,0.99,0.62,0.76,699.0,488.0,5263.0,1.34,1.39,1.32,73.0,537.0,290.0,0.77,0.41,0.08,338.0,482.0,1217.0,1.3,0.64,1.07,238.0,659.0,2569.0,1.2,0.66,0.6,48.0,808.0,438.0,0.93,0.69,0.54,208.0,682.0,2287.0,1.24,0.64,0.61,1.0,0.0,0.0,0.0,0.08,0.0,26.0,3107.0,84.0,2.89,1.31,0.19,446.0,588.0,1986.0,0.98,1.12,1.04,253.0,551.0,1443.0,1.38,1.24,0.67,979.0,523.0,6611.0,1.04,1.08,0.99,35.0,338.0,42.0,0.69,0.42,0.59,133.0,509.0,711.0,0.88,1.31,0.66,0,Charlie,12087,24.0,0.0,0.0,0.0,0.51,0.0,654.0,824.0,2660.0,1.01,1.0,0.57,29.0,613.0,296.0,1.1,0.79,0.49,318.0,665.0,1066.0,1.03,1.93,1.79,455.0,868.0,2297.0,0.87,1.19,1.02,75.0,615.0,298.0,0.78,0.42,0.07,454.0,691.0,2144.0,1.0,1.13,1.09,44.0,651.0,63.0,0.95,0.48,0.84,151.0,1231.0,1108.0,2.34,2.67,2.28,25.0,662.0,103.0,1.09,0.42,0.23,376.0,1012.0,1074.0,0.9,0.88,0.55,702.0,508.0,11677.0,1.83,2.12,3.35,47.0,1007.0,446.0,1.01,0.68,0.51,551.0,432.0,10569.0,1.83,2.01,3.53,2.0,0.0,0.0,0.0,0.25,0.0,144.0,0.0,0.0,0.0,0.5,0.0,4000.0,615.0,30760.0,0.94,1.01,0.99,333.0,532.0,1302.0,1.28,0.63,1.08,137.0,1041.0,1231.0,0.93,0.63,0.74,692.0,489.0,5660.0,1.23,1.38,1.26,75.0,615.0,298.0,0.78,0.42,0.07,333.0,532.0,1302.0,1.28,0.63,1.08,236.0,727.0,2600.0,1.17,0.65,0.56,47.0,1007.0,446.0,1.01,0.68,0.51,207.0,741.0,2304.0,1.18,0.63,0.58,1.0,0.0,0.0,0.0,0.08,0.0,25.0,2197.0,91.0,1.67,1.26,0.19,454.0,691.0,2144.0,1.0,1.13,1.09,253.0,609.0,1495.0,1.35,1.24,0.66,975.0,553.0,7170.0,0.98,1.08,0.97,44.0,651.0,63.0,0.95,0.48,0.84,137.0,608.0,838.0,0.95,1.35,0.72,1
Charlie,12049,118.0,0.0,0.0,0.0,18.63,0.0,47.0,431.0,172.0,0.82,0.55,0.19,,,,,,,17.0,557.0,49.0,1.36,0.79,0.43,32.0,523.0,266.0,0.64,0.63,0.6,10.0,551.0,224.0,1.04,0.41,0.28,40.0,627.0,153.0,1.48,0.76,0.41,7.0,238.0,14.0,0.6,0.68,0.97,2.0,0.0,0.0,0.0,0.27,0.0,120.0,360.0,2041.0,0.86,15.05,23.14,27.0,531.0,94.0,0.81,0.48,0.25,30.0,193.0,341.0,1.07,0.69,0.5,9.0,435.0,70.0,0.61,0.96,0.4,28.0,0.0,0.0,0.0,0.77,0.0,2.0,0.0,0.0,0.0,1.87,0.0,24.0,431.0,191.0,0.73,0.62,0.6,496.0,401.0,5481.0,0.91,0.95,0.91,47.0,248.0,152.0,0.91,0.67,0.63,15.0,516.0,217.0,0.54,0.52,0.66,68.0,391.0,767.0,1.49,1.01,0.92,10.0,551.0,224.0,1.04,0.41,0.28,47.0,248.0,152.0,0.91,0.67,0.63,44.0,449.0,846.0,1.18,0.91,0.93,9.0,435.0,70.0,0.61,0.96,0.4,44.0,449.0,846.0,1.18,1.02,1.07,2.0,0.0,0.0,0.0,1.22,0.0,1.0,0.0,0.0,0.0,0.38,0.0,40.0,627.0,153.0,1.48,0.76,0.41,19.0,0.0,0.0,0.0,0.71,0.0,110.0,434.0,1202.0,1.16,0.91,0.85,7.0,238.0,14.0,0.6,0.68,0.97,16.0,0.0,0.0,0.0,1.18,0.0,-2,Charlie,12049,118.0,0.0,0.0,0.0,18.67,0.0,47.0,342.0,193.0,0.59,0.54,0.24,,,,,,,18.0,523.0,51.0,1.15,0.83,0.49,32.0,583.0,270.0,0.82,0.63,0.68,10.0,516.0,278.0,0.86,0.41,0.39,41.0,670.0,208.0,1.32,0.77,0.59,9.0,303.0,28.0,0.7,0.93,2.34,2.0,0.0,0.0,0.0,0.27,0.0,120.0,401.0,1650.0,0.91,15.05,18.28,27.0,388.0,98.0,0.51,0.47,0.29,31.0,203.0,292.0,0.97,0.7,0.45,8.0,476.0,58.0,0.64,0.86,0.37,29.0,0.0,0.0,0.0,0.79,0.0,2.0,0.0,0.0,0.0,1.87,0.0,23.0,442.0,196.0,0.67,0.6,0.69,497.0,429.0,5080.0,0.89,0.95,0.93,45.0,270.0,123.0,0.84,0.65,0.57,14.0,597.0,219.0,0.75,0.48,0.75,68.0,395.0,754.0,1.27,1.01,1.01,10.0,516.0,278.0,0.86,0.41,0.39,45.0,270.0,123.0,0.84,0.65,0.57,45.0,455.0,808.0,0.99,0.93,1.01,8.0,476.0,58.0,0.64,0.86,0.37,45.0,455.0,808.0,0.99,1.03,1.16,2.0,0.0,0.0,0.0,1.21,0.0,1.0,0.0,0.0,0.0,0.38,0.0,41.0,670.0,208.0,1.32,0.77,0.59,19.0,0.0,0.0,0.0,0.7,0.0,109.0,458.0,1172.0,1.07,0.9,0.93,9.0,303.0,28.0,0.7,0.93,2.34,16.0,0.0,0.0,0.0,1.18,0.0,-1,Charlie,12049,117.0,0.0,0.0,0.0,18.68,0.0,46.0,393.0,159.0,0.62,0.53,0.21,,,,,,,20.0,549.0,46.0,1.09,0.92,0.48,35.0,523.0,260.0,0.68,0.69,0.72,10.0,510.0,263.0,0.77,0.42,0.4,45.0,525.0,237.0,0.92,0.85,0.72,7.0,264.0,10.0,0.57,0.63,0.82,2.0,0.0,0.0,0.0,0.27,0.0,119.0,529.0,982.0,1.1,15.06,12.09,26.0,463.0,87.0,0.55,0.46,0.28,32.0,195.0,248.0,0.84,0.73,0.42,7.0,578.0,56.0,0.7,0.76,0.4,30.0,0.0,0.0,0.0,0.83,0.0,2.0,0.0,0.0,0.0,1.9,0.0,23.0,864.0,182.0,1.18,0.6,0.7,495.0,520.0,4161.0,0.97,0.95,0.83,42.0,273.0,109.0,0.77,0.6,0.56,15.0,518.0,214.0,0.6,0.52,0.8,68.0,540.0,664.0,1.56,1.02,0.97,10.0,510.0,263.0,0.77,0.42,0.4,42.0,273.0,109.0,0.77,0.6,0.56,43.0,501.0,804.0,0.96,0.89,1.09,7.0,578.0,56.0,0.7,0.76,0.4,43.0,501.0,804.0,0.96,0.99,1.25,2.0,0.0,0.0,0.0,1.22,0.0,1.0,0.0,0.0,0.0,0.38,0.0,45.0,525.0,237.0,0.92,0.85,0.72,19.0,0.0,0.0,0.0,0.7,0.0,109.0,656.0,1033.0,1.37,0.91,0.89,7.0,264.0,10.0,0.57,0.63,0.82,16.0,0.0,0.0,0.0,1.19,0.0,0,Charlie,12049,120.0,0.0,0.0,0.0,19.18,0.0,47.0,439.0,127.0,0.65,0.54,0.14,,,,,,,19.0,738.0,45.0,1.37,0.87,0.4,35.0,742.0,261.0,0.9,0.69,0.61,11.0,637.0,254.0,0.97,0.46,0.33,47.0,716.0,274.0,1.25,0.88,0.73,4.0,298.0,7.0,0.52,0.33,0.49,2.0,0.0,0.0,0.0,0.27,0.0,122.0,448.0,1903.0,0.89,15.43,22.21,26.0,428.0,88.0,0.46,0.46,0.23,29.0,251.0,303.0,1.09,0.66,0.45,7.0,624.0,54.0,0.76,0.76,0.32,27.0,0.0,0.0,0.0,0.74,0.0,2.0,0.0,0.0,0.0,1.9,0.0,24.0,512.0,196.0,0.68,0.63,0.64,499.0,507.0,5298.0,0.94,0.95,0.89,40.0,267.0,119.0,0.78,0.57,0.51,16.0,742.0,216.0,0.8,0.55,0.68,70.0,457.0,665.0,1.38,1.05,0.78,11.0,637.0,254.0,0.97,0.46,0.33,40.0,267.0,119.0,0.78,0.57,0.51,44.0,539.0,859.0,1.05,0.91,0.97,7.0,624.0,54.0,0.76,0.76,0.32,44.0,539.0,859.0,1.03,1.01,1.12,2.0,0.0,0.0,0.0,1.21,0.0,1.0,0.0,0.0,0.0,0.38,0.0,47.0,716.0,274.0,1.25,0.88,0.73,20.0,0.0,0.0,0.0,0.74,0.0,113.0,517.0,1137.0,1.11,0.95,0.8,4.0,298.0,7.0,0.52,0.33,0.49,17.0,0.0,0.0,0.0,1.26,0.0,1
Charlie,12027,119.0,0.0,0.0,0.0,16.85,0.0,46.0,576.0,191.0,1.12,0.48,0.17,1.0,0.0,0.0,0.0,0.19,0.0,27.0,353.0,119.0,0.88,1.12,0.82,50.0,540.0,297.0,0.67,0.89,0.53,12.0,674.0,377.0,1.3,0.44,0.37,75.0,430.0,371.0,1.04,1.28,0.8,9.0,222.0,1.0,0.58,0.78,0.06,9.0,268.0,155.0,0.9,1.09,1.28,120.0,305.0,2838.0,0.75,13.5,25.56,22.0,508.0,90.0,0.79,0.35,0.19,46.0,219.0,601.0,1.24,0.94,0.7,6.0,679.0,37.0,0.98,0.58,0.17,37.0,201.0,446.0,1.29,0.92,0.6,2.0,0.0,0.0,0.0,1.68,0.0,18.0,450.0,211.0,0.78,0.42,0.53,549.0,391.0,6833.0,0.91,0.94,0.9,49.0,348.0,122.0,1.31,0.63,0.4,23.0,662.0,178.0,0.7,0.71,0.43,62.0,398.0,1031.0,1.55,0.83,0.98,12.0,674.0,377.0,1.3,0.44,0.37,49.0,348.0,122.0,1.31,0.63,0.4,37.0,558.0,703.0,1.5,0.69,0.61,6.0,679.0,37.0,0.98,0.58,0.17,36.0,0.0,0.0,0.0,0.75,0.0,1.0,0.0,0.0,0.0,0.55,0.0,2.0,0.0,0.0,0.0,0.68,0.0,75.0,430.0,371.0,1.04,1.28,0.8,22.0,0.0,0.0,0.0,0.73,0.0,99.0,411.0,1295.0,1.12,0.74,0.73,9.0,222.0,1.0,0.58,0.78,0.06,17.0,0.0,0.0,0.0,1.13,0.0,-2,Charlie,12027,118.0,0.0,0.0,0.0,17.03,0.0,46.0,630.0,199.0,1.06,0.48,0.2,1.0,0.0,0.0,0.0,0.19,0.0,29.0,356.0,112.0,0.77,1.21,0.89,51.0,569.0,297.0,0.79,0.91,0.63,12.0,626.0,304.0,1.03,0.45,0.36,72.0,474.0,354.0,0.92,1.24,0.84,8.0,349.0,2.0,0.8,0.75,0.14,9.0,270.0,137.0,0.83,1.1,1.11,119.0,373.0,2092.0,0.83,13.62,19.39,22.0,713.0,95.0,0.92,0.35,0.24,45.0,229.0,551.0,1.08,0.93,0.71,6.0,639.0,33.0,0.85,0.59,0.18,36.0,216.0,414.0,1.13,0.9,0.64,1.0,0.0,0.0,0.0,0.86,0.0,17.0,558.0,157.0,0.84,0.4,0.46,541.0,428.0,5904.0,0.87,0.94,0.9,50.0,386.0,124.0,1.19,0.66,0.48,22.0,700.0,185.0,0.87,0.69,0.53,61.0,403.0,1036.0,1.28,0.83,1.16,12.0,626.0,304.0,1.03,0.45,0.36,50.0,386.0,124.0,1.19,0.66,0.48,37.0,555.0,700.0,1.19,0.7,0.73,6.0,639.0,33.0,0.85,0.59,0.18,36.0,0.0,0.0,0.0,0.75,0.0,1.0,0.0,0.0,0.0,0.55,0.0,2.0,0.0,0.0,0.0,0.69,0.0,72.0,474.0,354.0,0.92,1.24,0.84,22.0,0.0,0.0,0.0,0.74,0.0,95.0,427.0,1248.0,0.98,0.72,0.83,8.0,349.0,2.0,0.8,0.75,0.14,16.0,0.0,0.0,0.0,1.07,0.0,-1,Charlie,12027,112.0,0.0,0.0,0.0,16.42,0.0,48.0,617.0,184.0,1.04,0.51,0.22,1.0,0.0,0.0,0.0,0.19,0.0,29.0,387.0,94.0,0.83,1.23,0.88,51.0,562.0,275.0,0.79,0.93,0.69,11.0,614.0,282.0,1.0,0.42,0.39,72.0,421.0,330.0,0.8,1.25,0.9,8.0,349.0,4.0,0.8,0.67,0.29,9.0,281.0,105.0,0.85,1.11,1.06,113.0,422.0,885.0,0.94,13.13,9.83,23.0,0.0,0.0,0.0,0.37,0.0,44.0,234.0,434.0,1.08,0.92,0.67,4.0,848.0,37.0,1.11,0.4,0.24,35.0,219.0,329.0,1.13,0.89,0.6,1.0,0.0,0.0,0.0,0.87,0.0,18.0,599.0,161.0,0.88,0.43,0.56,532.0,461.0,4337.0,0.93,0.94,0.78,49.0,360.0,109.0,1.1,0.65,0.5,22.0,658.0,181.0,0.82,0.7,0.61,60.0,424.0,934.0,1.32,0.83,1.23,11.0,614.0,282.0,1.0,0.42,0.39,49.0,360.0,109.0,1.1,0.65,0.5,37.0,574.0,652.0,1.19,0.71,0.8,4.0,848.0,37.0,1.11,0.4,0.24,36.0,0.0,0.0,0.0,0.76,0.0,1.0,0.0,0.0,0.0,0.56,0.0,2.0,0.0,0.0,0.0,0.7,0.0,72.0,421.0,330.0,0.8,1.25,0.9,23.0,561.0,87.0,1.59,0.78,0.21,95.0,451.0,1145.0,1.01,0.73,0.89,8.0,349.0,4.0,0.8,0.67,0.29,16.0,0.0,0.0,0.0,1.09,0.0,0,Charlie,12027,110.0,0.0,0.0,0.0,16.21,0.0,49.0,602.0,197.0,0.83,0.52,0.19,1.0,0.0,0.0,0.0,0.19,0.0,30.0,471.0,101.0,0.82,1.26,0.76,52.0,741.0,285.0,0.84,0.94,0.57,11.0,707.0,319.0,1.01,0.43,0.36,74.0,541.0,386.0,0.88,1.28,0.88,13.0,347.0,52.0,0.57,0.98,3.1,8.0,277.0,90.0,0.59,0.98,0.83,111.0,456.0,2081.0,0.84,12.95,20.9,24.0,0.0,0.0,0.0,0.39,0.0,39.0,233.0,509.0,0.94,0.82,0.66,4.0,765.0,35.0,0.86,0.4,0.18,31.0,224.0,419.0,1.06,0.78,0.63,1.0,0.0,0.0,0.0,0.88,0.0,19.0,747.0,165.0,0.93,0.46,0.46,533.0,542.0,5975.0,0.93,0.93,0.87,43.0,420.0,112.0,1.14,0.56,0.42,22.0,890.0,184.0,0.89,0.7,0.5,60.0,623.0,1145.0,1.76,0.83,1.15,11.0,707.0,319.0,1.01,0.43,0.36,43.0,420.0,112.0,1.14,0.56,0.42,39.0,627.0,628.0,1.14,0.74,0.61,4.0,765.0,35.0,0.86,0.4,0.18,38.0,0.0,0.0,0.0,0.81,0.0,1.0,0.0,0.0,0.0,0.56,0.0,2.0,0.0,0.0,0.0,0.7,0.0,74.0,541.0,386.0,0.88,1.28,0.88,23.0,0.0,0.0,0.0,0.78,0.0,98.0,629.0,1371.0,1.25,0.76,0.83,13.0,347.0,52.0,0.57,0.98,3.1,18.0,0.0,0.0,0.0,1.23,0.0,1
Charlie,12021,98.0,291.0,9653.0,0.85,0.8,9.29,2131.0,679.0,15411.0,0.9,1.28,0.98,62.0,625.0,891.0,1.15,0.67,0.42,824.0,676.0,2738.0,1.14,1.98,1.36,1352.0,1194.0,6652.0,1.01,1.39,0.86,278.0,735.0,2700.0,0.96,0.6,0.19,1626.0,685.0,15626.0,1.12,1.6,2.42,172.0,563.0,182.0,0.99,0.86,0.72,183.0,657.0,6085.0,1.49,1.28,3.63,106.0,295.0,9711.0,0.49,0.69,6.31,1257.0,865.0,4593.0,0.91,1.15,0.69,804.0,476.0,21080.0,1.83,0.95,1.77,113.0,906.0,1814.0,0.88,0.63,0.59,621.0,401.0,14995.0,1.74,0.89,1.46,12.0,1216.0,283.0,0.94,0.58,0.5,447.0,956.0,2730.0,1.13,0.6,0.49,10352.0,626.0,113509.0,0.99,1.02,1.07,1021.0,487.0,4701.0,1.25,0.75,1.11,528.0,1555.0,3914.0,1.12,0.94,0.68,1372.0,516.0,17936.0,1.36,1.06,1.23,278.0,735.0,2700.0,0.96,0.6,0.19,1021.0,487.0,4701.0,1.25,0.75,1.11,722.0,750.0,13376.0,1.37,0.78,0.84,113.0,906.0,1814.0,0.88,0.63,0.59,660.0,759.0,12485.0,1.38,0.79,0.91,8.0,963.0,58.0,0.85,0.25,0.12,53.0,2300.0,670.0,1.6,1.04,0.4,1626.0,685.0,15626.0,1.12,1.6,2.42,821.0,489.0,10148.0,1.14,1.58,1.37,2027.0,586.0,22256.0,1.09,0.87,0.9,172.0,563.0,182.0,0.99,0.86,0.72,196.0,648.0,1307.0,1.09,0.75,0.33,-2,Charlie,12021,98.0,377.0,3947.0,1.01,0.8,3.52,2183.0,676.0,15460.0,0.87,1.29,1.08,64.0,653.0,804.0,1.08,0.67,0.45,828.0,670.0,2769.0,1.1,1.95,1.51,1379.0,957.0,6744.0,1.02,1.39,0.98,277.0,696.0,2802.0,0.87,0.59,0.22,1651.0,712.0,16152.0,1.05,1.59,2.61,108.0,505.0,172.0,0.88,0.57,0.82,199.0,595.0,5163.0,1.39,1.36,2.85,106.0,381.0,4007.0,0.65,0.68,2.54,1303.0,930.0,4527.0,0.91,1.18,0.77,834.0,458.0,18785.0,1.64,0.97,1.66,118.0,857.0,1839.0,0.87,0.65,0.68,635.0,404.0,13622.0,1.61,0.89,1.43,12.0,1005.0,285.0,0.86,0.58,0.58,456.0,947.0,2696.0,1.08,0.61,0.55,10475.0,629.0,105251.0,0.98,1.02,1.1,1030.0,487.0,4585.0,1.14,0.76,1.21,551.0,1156.0,3975.0,1.09,0.97,0.78,1384.0,527.0,17434.0,1.27,1.05,1.33,277.0,696.0,2802.0,0.87,0.59,0.22,1030.0,487.0,4585.0,1.14,0.76,1.21,737.0,760.0,12974.0,1.24,0.78,0.93,118.0,857.0,1839.0,0.87,0.65,0.68,673.0,768.0,12170.0,1.25,0.79,1.0,8.0,840.0,60.0,0.77,0.25,0.13,53.0,1531.0,664.0,1.2,1.02,0.45,1651.0,712.0,16152.0,1.05,1.59,2.61,827.0,510.0,10269.0,1.12,1.56,1.48,2052.0,594.0,21731.0,1.04,0.87,0.99,108.0,505.0,172.0,0.88,0.57,0.82,200.0,683.0,1316.0,1.04,0.75,0.38,-1,Charlie,12021,96.0,367.0,3696.0,0.98,0.78,3.34,2203.0,706.0,14931.0,0.92,1.3,1.02,64.0,637.0,868.0,1.02,0.67,0.47,836.0,667.0,2869.0,1.1,1.96,1.54,1403.0,979.0,6816.0,1.06,1.41,0.97,268.0,691.0,2904.0,0.87,0.57,0.23,1634.0,683.0,16408.0,1.0,1.57,2.57,122.0,580.0,204.0,1.03,0.56,0.86,198.0,676.0,4708.0,1.58,1.35,2.71,103.0,379.0,3756.0,0.65,0.66,2.38,1320.0,962.0,4484.0,0.95,1.19,0.75,828.0,451.0,17671.0,1.62,0.96,1.56,117.0,901.0,1784.0,0.91,0.65,0.66,630.0,371.0,12963.0,1.48,0.88,1.35,12.0,1592.0,283.0,1.36,0.58,0.57,452.0,945.0,2646.0,1.08,0.6,0.53,10517.0,644.0,103254.0,1.0,1.02,1.06,1024.0,472.0,4297.0,1.11,0.75,1.13,567.0,1203.0,3947.0,1.16,1.0,0.76,1409.0,516.0,17331.0,1.24,1.08,1.3,268.0,691.0,2904.0,0.87,0.57,0.23,1024.0,472.0,4297.0,1.11,0.75,1.13,747.0,771.0,12898.0,1.23,0.79,0.9,117.0,901.0,1784.0,0.91,0.65,0.66,683.0,780.0,12030.0,1.25,0.8,0.96,7.0,947.0,60.0,0.88,0.22,0.13,51.0,1523.0,670.0,1.24,0.99,0.45,1634.0,683.0,16408.0,1.0,1.57,2.57,832.0,537.0,9777.0,1.18,1.57,1.37,2068.0,592.0,21585.0,1.03,0.88,0.96,122.0,580.0,204.0,1.03,0.56,0.86,195.0,661.0,1325.0,1.0,0.74,0.37,0,Charlie,12021,97.0,313.0,8682.0,0.73,0.78,8.32,2246.0,911.0,15475.0,0.98,1.3,0.94,64.0,654.0,904.0,1.03,0.65,0.42,890.0,950.0,3074.0,1.29,2.03,1.48,1461.0,1220.0,7055.0,1.08,1.43,0.9,268.0,801.0,2897.0,0.89,0.56,0.21,1678.0,819.0,17172.0,1.04,1.58,2.48,179.0,767.0,261.0,0.98,0.73,0.99,203.0,643.0,5848.0,1.08,1.35,3.43,103.0,321.0,8738.0,0.46,0.65,5.57,1358.0,1373.0,4800.0,1.08,1.19,0.7,849.0,459.0,20837.0,1.46,0.97,1.71,121.0,977.0,1836.0,0.86,0.66,0.6,646.0,387.0,14989.0,1.44,0.89,1.43,12.0,1275.0,273.0,1.0,0.57,0.49,464.0,1173.0,2909.0,1.14,0.61,0.52,10782.0,728.0,116668.0,0.98,1.02,1.07,1027.0,532.0,4666.0,1.13,0.73,1.1,571.0,1426.0,3981.0,1.12,0.98,0.69,1421.0,568.0,19566.0,1.25,1.07,1.25,268.0,801.0,2897.0,0.89,0.56,0.21,1027.0,532.0,4666.0,1.13,0.73,1.1,758.0,904.0,13533.0,1.28,0.78,0.84,121.0,977.0,1836.0,0.86,0.66,0.6,694.0,922.0,12629.0,1.29,0.8,0.9,6.0,1372.0,56.0,1.11,0.18,0.11,54.0,2775.0,692.0,1.86,1.03,0.41,1678.0,819.0,17172.0,1.04,1.58,2.48,834.0,565.0,9983.0,1.1,1.54,1.27,2092.0,663.0,24198.0,1.03,0.88,0.93,179.0,767.0,261.0,0.98,0.73,0.99,195.0,787.0,1450.0,1.08,0.72,0.36,1
Charlie,12015,23.0,0.0,0.0,0.0,0.55,0.0,569.0,602.0,2984.0,0.94,1.01,0.61,19.0,418.0,106.0,0.9,0.6,0.16,230.0,468.0,924.0,0.93,1.63,1.48,424.0,715.0,2075.0,0.71,1.28,0.86,91.0,585.0,1083.0,0.9,0.57,0.25,638.0,589.0,3877.0,1.14,1.85,1.93,27.0,461.0,39.0,0.96,0.4,0.5,50.0,351.0,773.0,0.94,1.03,1.48,27.0,382.0,662.0,0.75,0.52,1.38,299.0,577.0,1497.0,0.72,0.81,0.72,267.0,272.0,5238.0,1.23,0.93,1.41,31.0,644.0,519.0,0.74,0.51,0.54,217.0,258.0,4465.0,1.32,0.91,1.4,6.0,661.0,42.0,0.6,0.86,0.24,147.0,682.0,714.0,0.95,0.58,0.42,3485.0,518.0,33439.0,0.96,1.02,1.02,304.0,378.0,1299.0,1.14,0.66,0.99,194.0,916.0,1151.0,0.78,1.02,0.65,497.0,424.0,7350.0,1.32,1.13,1.62,91.0,585.0,1083.0,0.9,0.57,0.25,304.0,378.0,1299.0,1.14,0.66,0.99,400.0,660.0,7322.0,1.42,1.27,1.48,31.0,644.0,519.0,0.74,0.51,0.54,381.0,664.0,7216.0,1.43,1.35,1.69,4.0,0.0,0.0,0.0,0.37,0.0,9.0,0.0,0.0,0.0,0.52,0.0,638.0,589.0,3877.0,1.14,1.85,1.93,261.0,0.0,0.0,0.0,1.48,0.0,707.0,450.0,8341.0,0.98,0.9,1.09,27.0,461.0,39.0,0.96,0.4,0.5,57.0,527.0,235.0,1.04,0.64,0.19,-2,Charlie,12015,21.0,398.0,386.0,1.22,0.5,1.04,589.0,597.0,2913.0,0.88,1.02,0.61,20.0,467.0,95.0,0.88,0.62,0.16,235.0,462.0,973.0,0.87,1.62,1.6,428.0,688.0,2146.0,0.84,1.27,0.94,92.0,579.0,1086.0,0.83,0.57,0.26,664.0,644.0,4166.0,1.09,1.88,2.03,44.0,492.0,57.0,0.98,0.68,0.82,51.0,340.0,730.0,0.91,1.02,1.21,25.0,439.0,446.0,0.86,0.47,0.85,312.0,719.0,1391.0,0.8,0.83,0.71,267.0,275.0,4790.0,1.13,0.91,1.28,32.0,628.0,518.0,0.73,0.52,0.58,216.0,263.0,4060.0,1.2,0.89,1.29,6.0,556.0,44.0,0.55,0.85,0.27,151.0,692.0,755.0,0.91,0.59,0.46,3548.0,533.0,33161.0,0.95,1.02,1.05,299.0,379.0,1273.0,1.02,0.65,1.01,193.0,877.0,1173.0,0.95,1.0,0.7,496.0,417.0,7335.0,1.15,1.11,1.68,92.0,579.0,1086.0,0.83,0.57,0.26,299.0,379.0,1273.0,1.02,0.65,1.01,395.0,693.0,7374.0,1.3,1.23,1.59,32.0,628.0,518.0,0.73,0.52,0.58,375.0,697.0,7279.0,1.3,1.3,1.8,4.0,813.0,60.0,0.85,0.36,0.39,9.0,1155.0,59.0,1.03,0.51,0.12,664.0,644.0,4166.0,1.09,1.88,2.03,268.0,453.0,1463.0,1.14,1.48,0.63,713.0,446.0,8392.0,0.89,0.89,1.15,44.0,492.0,57.0,0.98,0.68,0.82,60.0,565.0,258.0,0.99,0.66,0.22,-1,Charlie,12015,20.0,540.0,186.0,1.71,0.47,0.55,586.0,553.0,2774.0,0.86,1.01,0.62,21.0,443.0,101.0,0.84,0.64,0.18,243.0,493.0,852.0,0.96,1.66,1.49,435.0,671.0,1970.0,0.86,1.28,0.92,95.0,559.0,1068.0,0.83,0.59,0.27,687.0,589.0,4158.0,1.02,1.93,2.13,53.0,501.0,75.0,1.06,0.71,1.03,51.0,334.0,633.0,0.93,1.01,1.19,24.0,610.0,249.0,1.25,0.45,0.52,316.0,628.0,1380.0,0.73,0.83,0.75,260.0,261.0,4012.0,1.11,0.88,1.16,35.0,687.0,529.0,0.82,0.57,0.64,209.0,247.0,3379.0,1.17,0.85,1.15,6.0,927.0,44.0,0.93,0.85,0.29,149.0,688.0,761.0,0.93,0.58,0.49,3584.0,522.0,30521.0,0.96,1.02,1.03,289.0,348.0,1085.0,0.97,0.62,0.93,192.0,816.0,1118.0,0.93,0.99,0.71,498.0,426.0,6869.0,1.22,1.11,1.69,95.0,559.0,1068.0,0.83,0.59,0.27,289.0,348.0,1085.0,0.97,0.62,0.93,401.0,672.0,6658.0,1.27,1.24,1.52,35.0,687.0,529.0,0.82,0.57,0.64,380.0,675.0,6557.0,1.28,1.3,1.72,4.0,813.0,63.0,0.9,0.36,0.44,9.0,818.0,63.0,0.79,0.51,0.14,687.0,589.0,4158.0,1.02,1.93,2.13,261.0,466.0,1331.0,1.21,1.43,0.61,719.0,456.0,7943.0,0.94,0.89,1.16,53.0,501.0,75.0,1.06,0.71,1.03,66.0,533.0,269.0,0.95,0.73,0.24,0,Charlie,12015,19.0,0.0,0.0,0.0,0.45,0.0,587.0,773.0,2857.0,0.95,0.99,0.57,20.0,511.0,114.0,0.92,0.6,0.18,252.0,654.0,898.0,1.01,1.69,1.41,443.0,812.0,2033.0,0.82,1.28,0.84,92.0,725.0,1165.0,0.92,0.57,0.27,730.0,733.0,4549.0,1.06,2.01,2.15,79.0,679.0,125.0,0.99,0.95,1.55,53.0,364.0,714.0,0.69,1.04,1.37,23.0,442.0,608.0,0.73,0.43,1.27,321.0,997.0,1378.0,0.89,0.83,0.66,258.0,300.0,4599.0,1.08,0.86,1.23,34.0,725.0,557.0,0.73,0.54,0.6,205.0,288.0,3885.0,1.22,0.83,1.21,6.0,860.0,45.0,0.77,0.84,0.27,157.0,818.0,762.0,0.91,0.6,0.44,3645.0,635.0,33611.0,0.97,1.02,1.01,284.0,457.0,1215.0,1.1,0.59,0.94,191.0,937.0,1135.0,0.84,0.97,0.64,483.0,482.0,7838.0,1.21,1.07,1.63,92.0,725.0,1165.0,0.92,0.57,0.27,284.0,457.0,1215.0,1.1,0.59,0.94,404.0,843.0,6944.0,1.36,1.23,1.41,34.0,725.0,557.0,0.73,0.54,0.6,384.0,849.0,6830.0,1.35,1.3,1.59,4.0,0.0,0.0,0.0,0.36,0.0,9.0,0.0,0.0,0.0,0.5,0.0,730.0,733.0,4549.0,1.06,2.01,2.15,257.0,0.0,0.0,0.0,1.39,0.0,711.0,523.0,8959.0,0.93,0.87,1.13,79.0,679.0,125.0,0.99,0.95,1.55,65.0,745.0,314.0,1.16,0.71,0.25,1
